229
213
173
157
180
185
158
196
145
142
152
139
153
146
146
140
147
132
140
138
161
135
131
148
135
176
136
140
142
137
130
232
180
191
232
234
175
150
144
167
189
175
152
149
146
150
166
151
145
158
151
163
170
227
231
175
151
170
132
138
137
139
145
154
182
149
138
143
141
150
134
138
150
153
206
141
174
137
143
158
165
130
134
124
140
128
123
150
138
147
216
197
130
139
132
132
131
130
143
140
168
134
134
133
147
141
127
133
127
126
127
143
155
148
168
257
163
150
137
147
241
136
133
146
171
161
140
160
138
137
157
134
132
143
134
168
146
205
238
225
140
169
137
136
265
153
137
154
148
144
153
144
145
254
141
177
149
169
147
135
138
142
131
144
145
128
127
131
126
172
132
132
128
215
127
141
154
134
134
130
135
127
134
138
165
134
140
135
137
154
134
130
129
127
168
139
133
188
140
173
138
144
141
152
146
139
150
152
135
151
156
147
154
172
154
150
146
167
149
170
171
203
217
238
141
140
167
135
151
162
150
146
160
156
138
139
136
168
136
164
143
138
235
134
124
127
137
129
128
130
136
127
131
146
192
136
132
127
131
133
120
128
130
122
180
122
138
120
131
148
124
141
127
126
125
146
123
162
141
140
350
142
135
135
149
168
133
130
133
241
143
130
142
146
151
136
147
139
132
209
135
140
151
151
231
212
178
169
142
156
136
144
142
150
136
130
160
140
297
146
141
141
142
161
146
141
139
136
151
146
132
134
133
246
141
135
154
139
165
133
126
131
137
132
130
144
145
134
135
164
213
152
148
157
253
141
141
149
136
204
153
193
218
169
158
138
135
137
136
160
132
132
147
157
132
156
135
145
254
150
126
146
125
131
165
135
141
177
247
173
153
138
125
125
128
131
136
141
131
126
125
137
168
138
127
127
143
147
134
134
141
132
175
138
130
136
137
166
136
200
147
135
160
143
135
139
142
335
134
142
155
149
129
148
127
131
136
152
137
141
155
151
219
132
174
205
192
179
166
169
287
169
175
169
175
229
279
297
176
132
128
126
142
127
124
136
122
124
135
128
136
134
134
131
194
141
133
138
166
138
153
133
128
131
136
136
131
138
124
141
144
131
124
126
123
135
126
153
128
135
194
134
135
135
127
209
131
131
137
137
141
131
174
132
144
145
161
175
161
143
243
176
323
241
185
255
172
264
163
193
185
199
169
147
142
146
148
149
157
147
166
168
157
252
500
157
177
132
130
132
124
127
132
201
127
126
124
125
186
266
134
145
135
152
132
132
133
155
179
129
135
148
140
144
148
136
137
138
128
210
136
130
128
134
139
135
131
146
139
131
125
127
123
138
127
136
122
159
128
140
131
135
136
139
158
131
162
131
143
141
134
159
138
146
131
134
148
169
179
169
188
209
176
190
178
375
172
198
151
176
161
192
474
165
162
176
162
168
182
162
188
185
281
261
196
133
136
135
133
135
130
142
149
132
131
140
151
133
140
135
132
141
131
241
124
128
125
126
138
137
130
141
186
138
133
130
126
169
129
131
133
137
130
138
124
142
129
131
136
140
130
133
139
132
265
137
166
133
132
178
139
156
145
135
147
170
158
142
150
254
171
156
134
157
135
144
172
156
144
230
196
233
296
226
209
157
196
167
247
199
149
176
146
152
168
169
162
147
175
221
147
195
295
262
155
172
136
127
138
138
125
145
126
127
158
134
126
145
155
137
127
234
143
126
125
130
131
129
125
127
134
137
142
128
130
132
135
126
143
141
132
137
136
136
136
126
128
141
132
144
128
131
131
142
132
132
148
127
128
139
134
141
161
135
130
159
149
154
137
138
145
133
142
152
148
143
143
194
163
146
170
183
199
153
382
158
226
145
173
183
161
167
235
181
149
146
142
177
143
142
139
159
149
146
145
146
160
237
246
270
148
163
125
135
127
134
126
143
127
134
229
248
127
136
129
134
144
139
130
138
157
136
139
133
127
131
131
130
125
135
142
211
132
144
133
133
221
129
129
148
136
138
136
130
131
133
137
149
130
136
132
138
200
173
131
140
172
180
143
149
148
138
215
133
138
144
174
183
150
191
226
247
157
173
157
391
163
188
148
180
153
245
169
193
178
170
171
168
184
164
188
211
271
239
251
133
141
138
136
154
135
127
125
129
140
129
125
126
142
129
232
169
174
138
130
153
140
127
123
147
202
138
144
136
131
153
136
131
134
131
128
135
132
132
130
138
142
130
135
139
132
196
131
135
139
146
132
167
158
166
137
157
152
136
161
133
137
224
141
136
134
137
162
145
135
151
148
306
183
183
176
220
192
201
390
199
233
176
197
181
166
186
145
166
148
163
149
153
170
154
162
288
310
175
146
136
129
139
217
131
135
141
128
132
138
131
127
137
127
154
195
148
135
132
210
148
130
133
129
152
143
132
143
138
196
159
132
134
128
134
132
145
134
130
136
137
136
150
138
147
147
139
140
151
139
143
216
174
138
140
150
159
136
183
162
167
160
138
136
138
261
147
133
143
150
548
161
172
166
192
178
427
192
147
269
180
157
207
258
196
169
166
204
182
187
166
200
294
285
250
188
150
139
233
136
136
134
139
141
239
137
130
132
142
139
136
125
140
127
129
134
129
140
137
132
138
147
134
128
139
138
134
139
135
135
147
134
135
136
134
131
150
140
135
144
144
224
140
132
141
136
258
175
136
147
148
146
145
144
138
153
139
163
144
147
170
141
137
151
146
257
148
148
137
153
311
164
163
265
283
235
224
289
207
233
191
245
197
318
180
161
180
182
161
163
178
181
283
284
219
190
149
132
138
179
139
148
147
137
148
211
136
145
147
145
145
137
135
144
152
140
157
140
146
141
142
139
156
142
149
144
148
139
141
134
246
146
152
140
145
144
136
158
152
141
144
144
142
146
146
146
192
148
154
162
147
147
152
145
238
142
151
155
152
157
167
147
169
151
146
140
155
154
175
138
141
156
159
196
196
193
191
307
184
242
334
185
251
193
158
182
164
161
198
167
184
172
196
225
297
217
170
178
141
148
148
137
140
131
147
132
146
149
138
144
159
182
143
134
151
145
145
143
137
146
148
134
138
146
152
148
149
146
150
148
224
140
149
145
185
146
139
140
145
257
144
143
140
139
144
140
140
144
148
147
137
138
169
149
136
142
156
153
150
182
162
146
144
160
174
151
151
150
137
160
140
159
199
161
203
171
181
337
218
201
173
215
188
165
239
167
172
153
161
293
145
151
164
151
144
195
145
152
182
237
263
253
159
137
145
134
224
132
147
141
133
142
157
148
136
136
140
140
143
150
143
134
219
142
140
133
145
156
143
162
142
142
162
137
144
138
158
199
156
141
134
158
148
133
146
134
141
149
145
138
137
136
146
178
172
146
152
188
147
147
171
141
158
152
150
151
149
208
161
152
151
186
274
141
196
170
201
156
158
157
318
159
191
138
234
166
145
275
206
185
176
176
196
177
173
167
182
248
290
209
181
147
131
151
143
144
139
142
141
130
207
213
139
138
177
145
149
137
140
139
154
133
136
141
136
142
160
140
140
143
135
144
148
138
146
168
135
140
142
145
150
142
141
133
145
676
158
142
159
171
147
144
163
158
149
155
148
162
145
135
161
141
153
143
139
146
143
169
137
140
155
167
191
152
245
191
220
208
224
198
492
235
373
192
161
178
189
164
162
166
372
163
208
296
237
170
172
146
130
146
131
138
130
144
140
143
136
138
139
175
179
153
136
156
137
130
142
136
149
134
149
153
135
138
148
139
140
147
134
206
150
145
133
140
143
140
144
133
141
153
134
132
164
138
135
144
182
148
146
144
140
137
143
143
147
155
160
147
147
147
161
147
145
142
154
180
139
147
149
135
147
158
161
186
173
186
218
182
246
260
163
171
183
214
225
163
154
182
161
164
170
162
162
164
176
237
293
193
175
137
144
207
134
150
142
139
141
133
145
132
153
188
139
183
136
135
151
153
149
135
135
134
142
139
142
138
138
153
146
143
143
132
190
135
142
141
150
294
136
145
147
134
166
141
144
136
139
142
142
177
163
140
167
135
149
162
158
148
145
147
151
159
153
148
155
138
141
170
157
139
152
142
192
167
164
204
196
291
179
197
193
170
225
199
233
292
190
196
184
179
170
207
183
178
186
259
296
247
194
134
140
139
130
130
131
138
132
137
137
139
138
142
140
190
152
221
133
151
138
175
134
131
134
133
136
152
139
141
153
200
150
131
134
134
138
165
147
145
151
137
132
142
135
157
136
140
143
135
144
158
150
181
150
145
140
200
147
162
148
145
185
144
141
153
150
166
141
148
149
149
150
196
168
140
268
350
209
448
220
172
208
214
231
163
176
188
174
173
195
187
167
161
258
254
282
179
173
136
137
153
208
139
140
136
131
158
158
141
141
132
142
154
166
141
136
152
140
148
143
142
150
132
144
141
140
133
231
135
130
154
146
138
148
138
152
135
157
162
142
137
139
144
140
133
154
144
137
135
177
141
155
142
183
146
157
147
167
142
143
139
147
154
161
155
160
173
190
224
192
395
210
153
163
192
179
268
201
155
150
159
151
170
173
185
145
148
159
169
161
260
299
183
152
171
138
146
142
129
139
251
146
128
151
132
180
149
144
135
141
144
136
146
143
150
144
156
170
149
155
152
144
162
162
245
142
152
180
175
160
250
181
195
171
168
180
238
171
186
189
309
289
207
204
135
144
148
137
143
145
142
145
142
148
139
154
185
137
246
209
132
143
150
143
149
140
148
137
143
144
142
142
155
167
217
178
167
200
181
191
157
161
200
170
170
135
210
151
135
136
143
232
141
136
141
134
240
135
135
136
135
157
141
153
157
153
192
141
142
143
145
220
138
148
134
159
149
162
134
144
151
150
135
146
132
144
172
146
141
149
136
171
142
147
145
160
167
144
145
145
138
298
215
212
154
165
146
141
145
148
161
144
141
149
144
227
152
139
140
132
144
141
145
152
131
209
150
139
136
131
141
138
131
154
154
239
139
142
166
143
174
151
161
132
142
148
164
146
141
140
153
153
156
139
149
152
157
142
147
146
268
142
147
158
168
186
232
174
203
203
181
177
185
179
216
173
377
318
280
210
151
136
144
145
146
152
140
146
153
151
185
142
134
189
150
167
147
144
189
131
145
130
134
156
137
143
152
145
135
158
133
133
155
132
145
143
145
144
160
140
135
150
143
147
153
141
134
157
141
149
132
166
147
160
183
219
216
197
415
188
235
290
222
251
258
217
169
168
189
169
187
156
162
154
153
159
196
367
254
187
168
147
151
149
139
144
136
142
130
140
152
160
140
138
146
178
162
142
135
146
158
145
142
146
142
147
146
150
146
148
242
146
136
144
132
221
141
134
141
143
140
141
148
148
138
220
144
132
142
141
146
144
171
139
149
154
143
148
160
153
227
149
145
153
164
264
158
146
148
163
145
149
192
163
330
166
186
180
647
219
172
175
153
195
265
156
176
159
166
154
149
162
148
253
147
158
245
500
171
149
179
139
152
148
134
161
152
145
143
141
154
174
142
144
148
148
145
136
145
142
145
141
132
152
135
151
147
139
155
137
144
149
142
146
140
149
678
133
151
152
137
141
137
141
149
156
140
139
135
130
128
177
140
131
209
149
145
150
134
155
129
153
140
138
138
143
141
146
142
152
150
139
138
517
219
190
163
190
192
158
170
165
176
193
169
167
242
189
202
329
176
190
143
144
138
138
138
145
160
139
144
147
148
194
145
164
145
257
277
185
162
153
149
140
149
149
146
137
154
144
142
241
191
139
147
144
143
146
146
150
136
171
138
139
150
142
152
145
138
141
141
142
138
140
132
134
139
163
135
137
144
140
144
156
147
140
151
141
146
148
138
143
190
138
189
142
132
155
142
164
184
138
178
180
159
194
170
148
162
151
161
168
209
209
148
159
158
148
153
160
179
172
202
165
186
154
141
144
147
155
157
147
144
161
146
153
152
154
144
167
139
146
148
157
158
144
144
141
145
164
181
186
212
221
144
168
149
141
213
137
143
154
139
141
148
140
136
144
231
222
146
143
139
160
129
150
130
147
135
171
145
145
134
136
134
150
139
144
133
166
132
148
137
157
141
139
139
133
142
132
158
138
144
144
144
176
142
148
173
152
157
142
140
153
146
146
140
162
235
161
141
139
164
163
155
199
140
186
197
164
144
140
250
149
137
153
151
156
136
154
141
146
173
154
137
165
144
152
143
146
141
153
265
172
150
158
227
207
215
197
241
174
130
130
133
158
140
134
140
156
155
143
137
147
146
136
194
157
144
145
144
136
157
146
133
147
140
140
146
151
144
147
134
141
148
145
149
141
131
147
139
151
139
136
165
186
167
154
167
175
157
167
154
155
151
161
206
141
164
148
156
153
149
142
150
160
140
145
140
153
144
162
152
137
133
222
153
138
136
141
152
144
136
174
148
376
200
179
186
172
184
181
245
190
178
185
479
217
287
137
155
148
148
160
160
159
134
148
200
159
170
132
143
191
135
141
146
135
148
146
138
143
146
143
131
150
131
135
144
139
157
172
135
144
176
143
148
207
144
138
150
137
146
180
179
225
193
225
182
181
181
189
182
180
188
300
143
145
222
233
174
187
191
202
194
175
205
186
191
214
308
293
204
163
251
163
142
144
141
152
145
141
137
139
164
157
136
152
139
281
208
141
131
138
138
166
138
157
147
144
140
148
141
134
141
142
133
134
140
163
144
152
141
145
142
147
158
154
151
148
152
170
142
150
168
158
158
171
149
163
147
159
158
147
203
150
150
155
139
165
150
156
171
161
187
250
234
193
239
213
443
243
182
416
167
219
279
192
175
169
247
194
192
280
280
178
186
150
156
141
138
153
190
156
143
142
138
159
187
155
156
132
140
149
145
140
150
136
140
160
140
144
221
133
143
143
139
151
139
146
130
139
142
164
134
141
139
146
156
141
134
141
145
145
148
142
134
134
142
151
168
154
143
152
212
142
165
155
143
147
137
151
143
148
144
149
137
139
146
135
144
150
151
159
234
223
195
434
225
178
204
195
169
174
219
240
178
176
207
182
187
185
203
200
190
280
338
197
253
153
142
149
148
166
151
151
147
148
228
242
148
151
156
153
164
147
133
229
133
143
139
142
138
138
136
148
142
143
144
132
142
144
148
159
145
150
141
146
137
136
137
143
140
138
236
145
138
140
143
163
176
154
145
160
139
140
160
155
144
241
155
143
160
153
148
144
139
147
146
143
133
157
165
156
229
249
206
474
204
187
185
179
175
267
169
197
206
193
166
169
173
263
178
172
162
622
171
169
166
137
142
140
151
142
160
142
143
142
163
209
142
142
189
138
159
137
138
150
141
151
144
146
153
158
150
150
140
147
178
151
136
154
156
153
149
143
139
143
154
133
140
141
144
140
216
140
136
146
139
212
149
148
143
220
136
168
153
154
178
165
152
161
150
152
144
225
156
167
161
152
190
163
184
166
232
198
408
187
211
214
204
213
164
260
180
183
167
188
161
152
176
156
159
167
160
213
159
236
333
197
158
189
138
160
158
144
140
144
244
157
153
161
146
177
150
134
142
195
149
142
146
142
150
139
136
136
158
147
140
135
140
142
144
148
141
150
138
138
149
161
135
149
136
145
143
158
142
149
165
136
180
161
136
151
142
148
148
158
162
144
153
152
143
253
162
132
143
161
156
143
166
143
166
211
178
229
161
257
166
185
147
267
155
180
153
163
178
169
216
259
153
163
151
158
149
151
163
141
185
159
153
149
151
186
275
252
271
155
172
148
142
143
150
149
136
198
207
154
147
138
137
140
146
144
144
140
192
193
140
144
154
170
143
133
138
138
143
141
144
145
139
146
154
130
147
133
147
156
142
139
138
136
158
143
142
134
149
151
143
186
148
156
256
161
137
144
167
159
142
152
155
326
161
219
151
331
148
166
181
176
182
170
149
148
161
145
137
154
151
152
259
183
210
198
211
181
209
177
181
193
334
277
221
215
153
139
139
134
154
158
152
141
139
235
153
139
129
130
155
212
140
133
143
155
137
142
138
141
148
138
142
156
141
136
141
141
144
131
145
217
133
134
138
133
150
141
143
139
145
222
142
149
130
152
187
141
157
148
132
152
140
134
133
152
141
165
142
137
178
146
152
141
138
152
211
232
214
248
200
217
185
326
890
214
181
188
165
183
185
289
201
169
233
313
235
196
160
146
147
156
143
153
158
135
133
136
144
184
143
143
139
163
144
146
146
143
190
149
139
132
156
131
142
143
140
133
149
200
139
144
129
139
151
146
139
140
142
248
134
143
141
142
204
139
130
142
148
193
136
183
141
151
158
141
144
145
136
182
132
141
151
146
166
176
141
145
149
159
137
149
148
147
329
198
180
212
195
197
225
332
183
183
243
200
197
325
191
194
192
209
179
181
184
200
194
233
295
192
184
177
177
138
135
146
142
153
148
150
142
153
178
182
164
142
141
201
133
166
147
134
207
139
133
144
144
150
150
135
133
144
194
148
143
152
143
151
138
136
142
143
146
166
152
141
141
137
164
179
152
147
162
191
146
165
150
166
165
144
149
168
146
169
160
139
159
161
149
159
147
146
175
153
184
207
338
200
203
226
198
239
164
195
196
214
298
176
171
168
280
167
178
175
163
230
166
169
261
275
181
186
171
142
142
147
135
241
148
139
140
137
285
145
141
144
137
161
179
153
145
188
133
135
142
143
171
145
151
151
141
197
153
157
148
148
148
145
147
143
151
146
144
152
146
148
160
202
144
150
149
148
147
187
147
159
260
145
140
152
142
157
139
171
143
148
158
163
142
134
138
153
142
149
149
178
213
200
194
183
369
195
174
179
167
162
186
173
170
192
271
195
199
182
177
280
188
207
188
246
363
313
216
148
150
150
152
156
152
155
150
171
158
148
152
144
299
176
142
138
146
132
144
148
140
145
135
150
143
143
136
138
145
148
149
141
134
142
164
152
157
169
144
139
155
140
159
150
141
162
141
169
134
173
149
148
163
161
146
147
150
256
149
160
169
159
148
160
146
150
243
154
145
187
169
196
188
238
364
247
199
353
189
301
218
196
182
198
194
182
168
267
185
184
309
297
178
195
241
165
152
145
146
162
158
147
153
147
144
219
136
146
134
235
153
149
151
157
161
152
149
151
153
150
145
147
151
150
157
148
143
144
159
150
155
159
142
142
162
153
147
145
155
151
153
158
155
155
218
151
166
161
158
149
154
155
171
168
153
154
147
156
163
158
157
158
149
347
153
162
148
149
163
169
179
190
233
239
190
437
194
224
179
222
178
281
190
182
169
178
213
170
178
170
328
162
186
280
204
188
159
176
150
159
142
145
223
147
156
151
139
166
224
142
149
144
141
149
159
153
194
157
152
162
144
159
151
143
142
145
155
141
142
153
147
147
168
153
150
154
143
142
152
143
158
158
156
216
149
144
152
146
151
153
149
161
152
175
151
148
161
170
144
141
169
235
140
170
150
273
175
192
156
185
170
235
186
359
206
178
178
182
166
187
181
176
237
216
210
179
196
191
275
200
192
213
225
321
276
191
166
148
152
150
169
156
160
144
153
187
133
151
138
149
150
141
138
139
269
153
140
160
142
160
140
141
152
138
142
140
140
140
139
142
175
136
139
142
201
153
146
141
144
155
166
157
145
143
145
151
199
147
145
142
145
136
151
142
151
164
141
167
149
141
214
186
205
234
239
232
267
287
177
259
210
188
197
170
183
190
156
166
175
224
242
279
231
168
180
155
138
144
159
147
141
149
146
142
191
163
141
142
159
145
141
147
146
208
146
142
143
202
159
148
134
153
148
264
165
171
170
275
167
166
170
183
176
174
229
281
180
170
179
256
164
166
164
192
169
169
168
223
294
216
168
236
137
144
145
149
152
139
148
133
146
171
139
139
145
138
177
191
137
141
151
143
135
146
141
135
154
144
140
160
159
171
193
176
194
226
183
166
160
185
151
166
183
176
197
146
158
148
215
211
187
180
203
174
185
196
205
199
185
289
302
192
202
288
160
148
151
150
142
154
143
151
142
150
142
142
144
152
261
212
134
137
139
146
149
137
148
139
142
156
143
143
163
154
146
153
143
147
157
147
141
151
145
149
140
144
140
151
147
147
149
149
142
171
149
168
148
181
149
143
167
152
149
229
156
146
138
249
156
177
169
217
197
216
222
253
199
226
252
186
211
328
187
186
181
219
179
186
190
308
200
318
472
209
135
151
144
146
150
150
148
149
150
150
151
147
181
160
143
144
173
146
145
142
141
157
140
142
133
145
136
152
167
151
151
236
150
153
142
143
188
152
134
146
144
147
140
155
146
148
234
139
151
141
148
213
158
150
145
152
215
143
155
145
157
162
155
135
146
149
281
144
155
150
139
169
157
153
153
149
165
180
190
250
201
215
186
449
182
233
201
183
174
408
181
196
180
285
175
185
210
238
212
236
310
289
202
143
248
157
143
156
196
141
160
145
144
212
234
151
146
153
141
135
142
146
158
161
146
144
143
163
206
154
153
152
153
174
150
137
154
143
152
171
152
141
157
166
146
161
139
139
187
140
195
159
159
169
155
173
155
160
185
157
148
140
169
140
152
157
146
165
148
147
140
145
152
163
160
153
153
348
164
264
261
203
286
183
226
190
239
297
202
207
191
200
180
186
170
236
173
178
180
192
261
311
217
190
138
146
137
159
140
695
189
159
155
158
183
139
147
137
142
162
150
158
157
154
149
143
152
146
144
155
141
146
150
143
146
147
146
142
136
143
138
146
145
145
138
147
146
142
144
143
148
151
183
142
149
197
150
153
160
163
169
158
154
158
211
154
170
152
162
278
155
150
154
153
215
172
196
182
185
151
153
147
153
217
170
150
152
198
168
154
143
151
175
145
150
157
152
248
174
164
152
184
148
148
175
178
203
288
251
216
232
191
198
229
201
193
288
292
332
219
167
147
149
147
139
145
139
147
201
223
147
146
149
163
146
139
148
149
153
161
151
151
148
161
137
152
135
145
160
153
141
143
145
200
157
156
140
148
144
146
148
158
143
153
140
145
153
146
145
152
205
147
144
192
149
161
183
204
246
232
246
593
182
331
213
184
285
203
179
182
261
190
186
164
191
172
170
280
294
209
185
160
149
141
142
150
165
147
147
152
150
155
133
148
145
146
139
211
157
143
159
149
159
145
146
155
151
145
147
143
191
153
144
137
141
151
153
151
140
140
153
164
149
140
156
143
160
152
157
156
156
184
184
163
157
165
153
141
152
149
145
154
154
157
161
237
167
150
152
317
159
173
146
151
172
165
172
226
439
227
229
249
186
236
199
182
169
247
198
177
172
172
167
160
161
202
179
210
171
177
188
363
229
174
242
146
162
152
139
145
148
141
153
147
228
213
145
158
164
150
147
144
160
191
145
154
149
151
156
141
135
151
144
159
160
152
165
150
159
139
143
147
138
154
146
146
146
145
149
144
147
147
148
150
161
182
157
151
168
179
154
204
156
238
149
157
153
155
169
154
151
164
160
170
160
157
177
242
227
182
183
308
174
268
196
189
170
173
192
174
287
197
229
196
210
300
197
194
200
217
350
260
181
175
147
141
144
154
142
151
143
144
162
194
149
151
151
143
144
160
142
202
138
138
134
164
159
149
152
147
141
151
180
148
149
151
157
156
146
140
145
149
158
152
139
149
155
149
143
158
143
143
242
179
146
151
170
158
149
145
153
158
148
172
147
150
159
156
164
156
145
157
145
161
149
141
204
179
167
220
509
210
250
220
245
198
214
248
195
283
170
188
181
215
183
212
203
266
311
261
191
195
149
157
147
140
157
147
148
147
232
144
145
220
146
133
153
138
143
154
152
143
150
165
151
156
147
169
152
149
137
165
149
158
146
146
147
162
148
139
156
148
137
152
149
146
148
153
154
151
145
153
150
148
158
158
171
163
145
154
161
172
164
150
160
157
149
160
177
150
173
151
147
153
152
157
188
208
234
190
235
318
300
195
182
196
191
303
163
175
171
190
197
172
192
186
165
191
169
179
270
289
196
178
146
139
152
159
138
152
139
155
222
213
146
151
146
151
146
146
147
143
163
152
152
190
155
144
149
157
144
162
149
138
159
156
272
155
143
146
139
164
150
148
147
147
162
149
143
147
144
203
156
148
142
152
158
208
162
151
155
162
153
154
150
165
184
153
146
168
243
143
159
150
153
181
164
172
239
440
183
208
224
178
248
173
172
183
238
219
196
174
165
160
257
165
174
173
171
162
165
168
155
231
255
265
195
156
179
150
151
175
151
148
159
143
163
198
144
149
141
149
155
149
146
148
241
141
158
167
185
148
152
146
143
147
145
148
155
147
149
158
158
158
148
154
149
154
152
165
159
144
160
146
160
166
155
159
143
150
176
146
168
159
140
190
158
152
162
152
170
173
146
150
161
167
190
191
243
170
205
179
450
245
166
189
189
171
201
182
222
172
169
206
164
159
182
180
179
157
160
178
269
162
191
270
267
202
149
152
147
139
148
142
150
153
145
161
149
155
170
147
136
138
148
200
248
153
140
166
162
156
160
153
250
147
151
148
162
160
144
157
145
154
201
147
146
154
146
165
138
148
135
148
156
199
147
153
165
190
142
178
153
191
146
148
159
153
154
178
141
141
154
269
156
194
175
311
156
197
166
184
301
168
175
342
155
187
148
240
165
230
198
164
165
180
156
173
160
176
168
151
180
186
168
166
263
202
257
485
158
186
141
157
166
150
158
153
148
141
143
151
149
146
244
159
154
175
149
151
153
162
152
147
160
160
149
173
145
162
164
140
154
158
156
144
149
148
145
156
145
160
171
158
147
148
162
152
151
180
173
156
147
165
149
153
244
144
174
154
153
234
152
181
201
179
159
186
168
205
161
186
169
175
251
165
159
172
173
212
170
258
308
178
327
292
208
251
284
178
197
201
212
210
322
369
194
157
226
155
159
147
201
161
154
153
146
148
223
167
153
136
147
189
246
154
148
204
146
150
149
150
150
156
149
143
146
157
146
156
153
153
213
148
162
153
138
171
156
149
164
147
160
147
158
155
149
160
157
172
152
264
147
151
162
154
165
172
144
154
160
162
146
182
146
170
176
189
228
229
252
207
251
243
209
329
202
314
210
206
172
295
201
201
179
179
205
163
263
326
183
208
142
159
170
149
143
155
149
162
155
155
152
296
220
150
142
283
158
144
152
159
266
157
143
150
149
138
160
153
160
153
153
152
149
153
269
156
148
154
143
182
151
155
146
142
158
186
158
145
153
288
145
163
157
157
150
211
168
150
164
161
155
147
188
169
153
159
153
168
149
171
157
211
166
176
185
217
194
197
207
246
196
264
162
179
187
216
463
168
167
161
179
167
153
173
162
193
160
186
186
274
268
276
262
199
156
153
236
151
150
153
159
161
143
147
151
152
236
211
157
148
192
158
149
147
153
167
144
159
136
147
173
183
150
153
149
224
133
148
144
155
149
136
160
193
149
190
147
152
150
152
160
149
186
168
154
279
158
160
149
151
150
155
155
148
161
147
154
147
150
149
156
168
160
173
283
194
201
340
168
196
180
190
169
176
203
257
159
167
188
256
183
339
818
202
206
194
196
190
251
298
461
220
141
148
154
143
139
143
144
190
171
143
158
140
222
149
147
144
152
170
145
198
136
160
165
149
150
154
146
159
157
150
149
148
166
145
148
157
150
173
146
149
149
138
147
142
151
156
152
156
156
165
148
155
264
142
161
153
140
141
157
150
141
238
161
152
153
162
172
156
167
147
157
252
167
177
237
271
215
220
261
246
260
264
199
237
225
213
194
193
303
190
195
195
193
317
291
183
153
142
146
145
144
155
147
143
155
150
151
146
149
166
143
169
149
144
178
159
143
135
136
151
147
146
146
160
247
150
143
152
147
155
156
151
142
148
148
150
160
145
147
265
153
137
155
148
163
179
146
147
155
166
146
168
156
152
181
155
163
154
148
166
163
153
146
163
163
161
148
147
172
156
150
147
156
179
267
263
243
244
215
269
220
272
196
315
195
326
207
170
184
229
182
200
271
356
189
194
154
153
151
153
221
143
157
156
156
158
204
146
160
161
163
152
155
148
160
154
148
151
154
206
145
147
147
156
164
145
148
144
149
151
175
152
153
138
209
150
148
144
150
153
147
137
143
144
164
154
189
168
167
178
152
164
147
155
284
157
144
152
168
156
155
149
158
177
154
166
144
171
157
151
159
167
246
174
255
299
217
214
204
643
209
213
230
238
343
232
184
227
201
201
240
215
308
267
205
178
151
142
185
160
143
155
149
191
181
192
153
157
148
163
161
151
148
158
153
164
163
263
164
165
152
162
158
163
164
154
226
169
142
144
151
156
144
159
143
157
152
161
148
152
154
180
151
192
150
184
170
166
173
158
158
196
144
143
164
252
148
160
150
163
181
152
157
164
144
183
144
149
170
157
174
154
172
206
199
265
202
256
237
188
193
202
243
357
193
198
208
208
194
189
193
249
214
288
322
208
206
226
164
169
159
164
203
169
159
148
149
167
135
142
144
152
189
240
147
156
158
149
148
146
148
157
157
158
157
157
210
153
148
150
137
189
148
151
155
151
163
140
139
145
160
143
166
158
159
164
309
150
144
160
153
159
151
148
143
235
156
160
174
181
269
236
216
338
177
237
293
184
168
167
239
219
168
144
160
154
148
151
166
183
172
158
160
176
159
156
173
163
155
160
154
231
278
214
160
190
164
147
155
151
154
162
151
143
151
152
182
172
148
150
138
226
149
156
156
156
200
166
152
159
196
163
160
175
166
164
149
174
160
160
261
160
175
153
177
171
201
205
302
150
156
156
172
151
147
160
162
168
167
156
149
146
200
175
158
150
166
174
155
185
207
315
223
173
158
178
144
149
151
234
148
176
144
156
170
159
162
166
218
177
161
159
181
182
147
159
153
145
152
160
179
158
202
157
158
173
152
244
202
198
182
197
193
204
217
222
239
312
330
229
228
166
158
166
152
157
154
158
152
217
186
245
149
154
216
154
155
155
153
166
154
161
153
158
158
147
147
141
140
175
159
146
145
160
144
161
150
143
157
241
148
143
148
159
153
154
147
151
143
191
156
185
165
161
174
167
169
161
151
194
162
172
177
180
198
233
256
208
234
557
282
206
211
196
207
196
192
193
190
236
183
221
539
223
194
240
146
149
147
219
172
157
172
154
151
159
148
155
169
232
187
153
141
161
166
158
161
162
154
156
155
158
145
235
151
153
154
168
161
156
159
153
151
184
148
141
157
178
279
183
153
160
166
154
153
157
161
178
161
152
152
149
190
153
158
152
154
169
175
156
163
211
157
167
160
166
187
165
163
160
151
196
196
166
232
282
195
188
200
254
178
232
268
209
172
189
178
182
188
178
194
186
193
264
301
286
183
142
143
169
139
151
152
156
236
225
166
151
151
147
157
141
148
169
162
155
159
147
147
169
155
152
149
161
157
155
150
154
140
164
150
163
152
150
149
157
160
158
222
154
148
150
156
177
190
158
151
163
174
158
181
163
158
175
163
165
158
283
158
158
156
170
151
173
153
150
300
153
185
183
190
199
241
222
200
468
198
175
182
207
268
183
211
171
172
175
244
180
184
168
197
203
331
325
183
161
155
143
154
151
152
141
154
156
150
156
151
196
180
168
158
151
164
170
151
150
147
161
146
167
142
150
169
150
146
156
160
250
155
146
246
169
163
154
149
151
176
157
157
153
148
208
183
159
165
184
156
151
162
161
181
151
163
157
169
214
154
156
159
309
157
173
147
157
201
158
179
158
184
177
155
170
168
247
200
441
190
224
173
198
176
174
250
210
258
177
244
190
193
178
174
208
175
185
198
171
165
187
551
270
170
195
150
143
149
180
146
143
161
146
215
235
158
153
149
149
140
144
151
153
142
160
167
150
150
150
168
161
150
169
154
154
155
156
245
173
165
158
159
173
152
148
146
154
207
159
150
155
156
163
184
164
162
176
163
170
173
158
232
160
159
171
158
163
170
161
159
179
153
151
162
180
208
182
251
340
204
202
259
181
216
184
214
179
206
203
347
237
208
222
214
194
237
253
257
411
301
190
202
154
159
158
163
159
140
156
152
258
223
155
152
246
156
146
148
158
159
154
157
162
150
182
148
154
151
156
214
150
149
154
157
149
146
162
159
157
276
153
152
155
184
152
149
140
157
165
150
166
158
152
252
154
166
161
161
166
157
166
158
227
173
160
156
192
144
151
164
183
272
149
169
203
204
250
236
264
199
255
187
197
202
235
268
201
183
183
260
188
193
171
183
182
179
239
389
213
165
183
166
153
159
146
158
153
145
140
159
156
195
150
170
147
223
146
159
151
227
159
151
148
157
149
149
153
150
152
172
151
150
156
150
199
146
149
149
147
153
155
152
171
148
163
140
153
147
156
159
140
195
147
147
161
143
173
164
184
298
195
146
149
181
158
165
163
162
151
157
153
151
253
196
172
193
220
202
181
418
194
261
257
203
178
199
288
194
186
203
223
184
229
319
207
215
343
253
187
179
159
153
148
150
160
138
151
159
149
155
162
213
146
163
250
150
147
152
157
159
152
160
150
182
154
154
152
143
188
146
154
155
150
156
143
152
150
149
152
147
143
149
153
153
151
157
160
159
237
151
186
161
167
169
166
150
155
234
165
154
169
173
176
155
153
155
166
148
157
152
171
255
172
142
149
197
202
272
288
446
261
293
255
257
263
222
189
194
201
208
198
352
199
198
300
297
195
222
165
152
163
162
161
149
146
156
159
239
204
150
169
163
166
168
154
158
165
156
164
140
150
152
149
156
169
156
232
149
162
158
159
184
154
164
159
153
171
146
151
176
146
147
184
165
152
349
156
160
187
222
158
160
160
159
207
157
186
157
279
152
151
158
253
150
167
160
164
192
180
149
155
165
188
166
181
183
400
220
202
253
214
251
184
194
200
195
274
197
174
170
237
190
188
182
193
205
174
186
426
272
186
201
159
150
171
214
151
164
159
162
174
156
152
159
163
161
234
158
149
148
168
153
152
157
146
158
159
156
160
164
149
150
149
156
164
150
159
148
153
230
157
151
152
164
164
153
157
149
155
153
157
158
157
152
255
166
181
155
191
160
172
176
164
180
187
160
161
180
166
162
150
164
286
570
267
191
217
398
226
184
221
197
224
215
218
229
176
193
169
165
184
173
295
167
175
192
209
166
174
276
319
236
207
178
162
161
159
156
274
154
169
162
154
142
152
137
147
154
277
153
175
167
157
150
147
150
258
143
144
160
157
206
153
159
154
153
169
144
157
164
164
160
157
162
149
173
151
196
169
160
166
179
162
150
167
198
156
164
175
247
184
156
156
175
175
162
159
171
181
154
201
151
156
282
165
180
355
185
179
194
277
169
171
204
227
221
190
179
345
184
350
201
213
202
223
204
207
189
244
202
320
311
200
197
161
203
161
154
152
175
157
149
149
156
182
201
154
155
160
149
159
155
154
145
151
148
152
153
149
148
160
167
151
153
155
150
154
161
163
175
155
169
145
152
157
161
153
149
160
155
200
155
160
261
151
171
156
209
159
164
171
163
173
156
181
155
1480
194
210
186
298
211
240
266
264
193
192
181
199
380
212
201
216
189
196
207
194
212
189
278
326
215
219
268
146
153
153
165
148
146
146
206
166
217
152
150
150
139
152
158
147
157
224
138
156
163
152
158
145
154
152
161
149
159
161
153
161
231
155
151
145
164
156
161
160
155
160
153
156
160
160
162
153
156
181
165
190
168
172
162
326
166
153
162
154
165
162
167
156
233
158
159
169
166
150
175
156
165
211
158
174
162
162
255
181
183
264
197
256
196
304
195
219
191
177
177
231
249
181
183
187
188
168
181
194
226
181
183
181
653
211
230
162
147
149
147
170
167
154
171
155
150
238
157
159
151
151
155
155
148
260
144
142
150
153
159
148
147
158
154
246
144
158
152
155
165
147
159
148
158
193
154
145
160
158
148
158
158
159
154
169
204
166
167
247
156
165
160
158
174
158
158
165
158
160
168
165
164
319
166
168
177
180
169
201
186
282
191
189
195
260
189
237
281
209
202
227
268
217
177
228
182
174
173
193
194
198
178
192
312
256
213
181
174
179
249
157
154
140
160
355
157
151
170
158
155
171
168
269
155
159
141
160
255
166
149
154
222
171
156
160
145
165
151
157
157
160
162
153
147
154
142
162
153
156
167
180
231
203
165
157
176
178
165
155
165
310
158
152
160
166
174
162
163
171
162
170
159
161
196
166
156
174
165
222
462
239
190
195
197
316
187
223
192
207
218
230
452
259
206
269
180
164
158
175
163
167
166
163
171
159
164
180
265
309
211
173
181
145
158
149
165
146
153
150
149
216
210
150
154
151
149
146
154
163
153
150
152
161
159
170
172
158
152
154
157
164
147
158
156
138
157
155
155
157
217
155
158
149
160
236
150
147
147
141
175
185
159
146
164
150
176
154
161
178
174
174
147
159
159
152
157
156
162
157
202
196
210
171
199
178
168
171
169
201
242
196
186
175
227
208
214
326
234
170
223
160
179
164
167
189
196
153
193
172
292
171
168
241
312
201
168
272
146
170
151
153
182
160
152
166
154
228
156
156
152
167
186
179
165
157
159
154
150
152
175
249
154
157
149
154
143
142
141
146
154
161
151
153
156
148
195
162
146
151
151
165
155
155
151
160
172
194
171
200
176
160
173
169
168
162
157
158
177
322
426
176
178
174
191
173
183
169
177
209
170
184
203
186
227
202
205
200
447
267
184
196
209
216
226
192
199
513
337
203
180
167
154
158
192
162
178
169
147
182
261
165
161
245
159
166
152
159
168
156
160
155
159
161
153
149
169
162
274
164
150
164
181
158
152
157
152
174
161
161
151
158
164
151
156
150
154
280
199
156
160
169
156
154
163
159
187
174
152
176
229
169
165
171
164
204
163
172
172
204
162
189
208
419
272
213
209
213
187
323
211
211
228
186
181
182
178
199
194
192
173
301
314
368
201
189
156
241
158
159
154
170
166
157
153
160
173
183
214
159
150
235
153
156
163
144
176
165
148
156
152
178
158
150
158
150
202
154
158
143
147
169
169
153
154
152
154
162
161
164
151
162
187
158
187
190
175
161
155
153
146
170
159
159
166
159
150
224
170
272
159
166
173
187
164
154
162
170
189
195
206
264
349
229
212
260
251
191
228
185
244
248
185
197
173
191
175
171
193
182
181
182
174
182
170
224
267
397
156
184
156
199
154
164
164
161
150
155
163
156
164
242
192
191
165
180
152
158
159
149
177
162
159
154
164
184
166
170
164
172
144
149
157
151
174
152
156
165
163
153
167
170
157
162
207
160
154
181
150
185
166
202
169
179
169
174
199
182
172
178
171
172
314
177
162
161
172
164
206
229
225
210
185
215
202
190
193
198
272
208
192
190
218
211
291
214
171
152
163
313
156
154
157
156
167
168
168
188
164
176
173
158
185
166
172
184
289
335
214
271
176
198
161
290
172
179
162
187
186
170
178
213
195
167
165
157
164
172
156
155
153
169
160
172
159
199
198
160
159
157
163
155
171
173
158
170
164
167
157
218
150
146
142
154
164
153
143
143
142
176
161
216
186
246
167
164
171
250
192
207
175
212
159
163
158
191
174
246
286
247
175
185
167
311
159
157
189
173
176
170
184
201
162
152
143
157
157
161
148
152
154
231
200
156
152
161
172
149
158
154
194
149
149
165
149
158
166
178
160
168
160
142
166
162
168
233
153
163
154
184
165
164
161
173
248
227
233
217
173
170
174
167
184
192
183
178
187
165
183
165
310
175
188
171
203
272
265
199
211
171
158
160
173
162
159
153
166
163
179
205
262
172
172
171
261
162
169
160
154
207
189
175
170
188
182
177
171
272
168
162
159
172
228
153
154
164
166
227
160
163
168
199
189
235
187
183
166
166
300
180
168
166
182
166
185
162
173
244
187
172
172
176
189
172
174
181
241
251
247
216
164
200
154
167
169
170
160
173
190
180
156
162
142
174
161
173
160
192
214
174
167
164
163
166
167
174
217
166
165
160
155
183
164
172
178
164
148
162
172
168
199
202
152
192
237
177
159
172
249
190
165
174
179
170
180
193
168
177
177
173
187
305
185
210
169
190
178
175
170
268
169
185
170
177
178
176
159
185
186
164
184
149
199
180
178
186
173
165
166
214
393
229
184
202
224
153
163
169
178
162
175
175
163
192
183
167
166
170
211
162
161
164
236
158
189
175
210
168
155
167
156
161
169
167
159
156
167
166
179
176
168
167
171
157
160
200
176
165
233
183
197
200
217
171
184
177
185
194
169
181
325
175
176
170
216
168
152
192
161
163
178
181
199
295
236
181
394
210
221
246
233
255
309
236
214
329
321
223
244
170
154
150
166
174
162
158
157
159
264
161
153
187
143
154
150
161
161
151
157
170
148
218
164
146
145
163
213
158
163
156
154
203
157
157
157
180
168
163
170
157
170
174
170
166
163
168
211
171
170
207
175
178
169
1538
219
381
248
227
276
230
235
250
199
262
325
189
211
191
230
190
186
177
185
186
189
181
339
347
201
207
161
150
154
157
163
145
150
149
163
270
165
172
161
215
164
153
156
221
158
157
157
151
162
163
156
150
166
165
160
166
160
164
164
152
175
166
160
251
164
168
172
208
177
162
152
171
171
206
164
163
192
175
170
169
160
199
162
207
164
160
187
213
173
175
166
168
178
177
217
167
160
155
195
166
184
151
162
178
159
196
197
436
205
277
229
220
237
175
178
178
194
439
182
176
173
204
168
173
176
176
178
182
186
204
188
197
260
440
177
198
218
160
164
169
158
178
160
163
146
149
231
195
172
164
224
161
153
163
156
146
165
161
151
156
157
150
154
157
195
150
153
151
164
159
162
156
156
171
237
156
156
152
151
191
199
155
172
178
171
154
168
151
179
166
158
164
191
173
155
158
154
179
153
170
150
172
162
161
179
182
385
182
166
271
179
206
176
176
190
169
158
212
170
184
170
181
275
218
219
231
214
200
194
204
208
233
343
245
242
207
165
155
162
169
158
155
154
151
174
223
171
156
148
163
155
158
163
173
150
159
157
152
166
166
153
166
167
162
166
155
176
159
206
170
158
162
199
162
176
154
159
175
202
168
179
267
168
179
160
155
206
158
154
180
177
170
162
169
198
171
184
205
220
209
166
184
173
357
179
169
274
234
224
317
245
259
247
208
253
364
204
218
202
299
199
204
244
204
294
325
206
214
158
174
170
159
156
163
198
175
158
160
175
163
157
159
163
180
229
158
167
216
149
181
161
152
162
164
160
167
163
191
162
159
169
169
187
168
159
152
170
171
153
153
161
164
177
171
166
165
191
166
154
163
174
163
165
172
165
171
182
174
165
275
156
169
175
179
173
172
173
171
200
164
178
175
180
165
206
190
212
236
267
223
346
225
248
187
179
180
380
197
200
203
202
190
196
206
223
206
192
384
309
209
200
155
163
166
182
157
163
154
174
162
191
169
152
160
256
161
160
165
156
173
159
159
245
155
155
150
159
188
160
164
162
171
159
165
154
163
189
184
165
165
172
164
158
145
167
159
165
187
161
173
181
155
165
165
172
209
161
157
202
257
180
172
164
180
155
178
185
164
181
170
186
182
196
170
217
207
254
206
208
214
191
208
197
218
225
197
212
297
286
215
211
213
196
212
254
212
218
231
293
266
211
198
166
162
177
172
150
163
167
205
248
157
161
190
164
170
162
175
168
158
161
160
170
158
162
160
160
271
163
163
165
157
163
161
155
155
163
171
175
162
158
206
190
163
168
151
184
196
167
174
260
178
156
169
182
168
170
185
166
192
169
180
173
172
184
165
155
177
172
172
168
168
192
165
169
206
322
244
326
404
247
316
215
194
419
215
171
188
187
189
187
208
202
189
185
194
432
275
206
205
157
176
156
159
164
151
161
294
157
158
150
154
180
190
157
149
161
154
151
167
166
191
157
151
153
166
228
170
162
162
167
155
153
163
157
166
143
155
167
165
167
170
162
161
158
204
188
163
168
154
166
168
156
194
186
154
169
171
168
159
164
181
161
214
171
158
169
187
172
159
162
166
280
164
177
172
235
208
238
350
200
216
202
186
181
192
266
241
174
166
269
186
174
180
189
170
187
179
189
182
165
257
502
191
199
172
162
162
173
161
243
150
155
163
156
173
163
166
162
157
167
209
157
169
165
153
173
151
154
160
162
161
165
163
261
181
177
170
304
176
158
165
164
164
169
167
158
252
186
164
168
190
211
175
169
173
158
168
177
170
176
172
165
180
181
179
175
180
170
174
163
165
179
178
167
208
177
212
193
307
224
255
276
187
206
206
274
190
201
220
341
199
216
195
249
208
201
223
207
312
354
204
197
165
159
159
164
168
161
166
154
157
160
166
152
161
162
165
265
249
156
154
281
169
163
155
164
156
149
183
163
217
163
154
162
163
161
162
156
156
159
182
172
163
149
155
180
195
165
171
163
169
173
166
168
290
159
186
157
174
