0
0
0
0
0
0
0
0
0
0
0
0
0
0
0
0
0
0
0
0
0
0
0
0
0
0
0
0
0
0
0
0
0
0
0
0
0
0
0
0
0
0
0
0
0
0
0
0
0
0
0
1
1
1
1
1
1
1
1
1
1
1
1
1
1
1
1
1
1
1
1
1
1
1
1
1
1
1
2
1
1
1
1
1
1
1
1
1
1
1
1
1
2
1
2
2
2
2
2
2
2
2
2
2
2
2
2
2
2
2
2
2
2
2
2
2
2
2
2
2
2
2
2
2
2
2
2
2
2
2
2
2
2
2
2
2
2
2
2
2
2
2
2
2
2
2
3
3
3
3
3
10
3
3
3
3
3
3
3
3
3
3
3
3
3
3
3
3
3
3
3
3
3
3
3
3
3
3
3
3
3
3
3
3
3
3
3
3
3
3
3
3
3
4
3
4
4
4
4
4
4
4
4
4
4
4
4
4
4
4
5
5
4
4
4
4
4
4
4
4
4
4
4
4
4
4
4
4
4
4
4
4
4
4
4
4
4
4
4
4
4
4
4
4
4
5
5
5
5
5
5
5
5
5
5
5
5
5
5
5
5
5
5
5
5
5
5
5
5
5
5
5
5
5
5
5
5
5
5
5
5
5
5
5
5
5
5
5
6
6
6
6
6
6
6
6
6
6
6
6
6
6
6
6
6
6
6
7
6
6
6
6
6
6
6
6
6
6
6
6
6
6
6
6
6
6
6
6
6
6
6
6
6
6
6
7
7
7
7
7
7
10
7
7
7
7
7
7
7
7
7
7
7
7
7
7
7
7
7
7
7
7
7
7
7
7
7
7
7
7
7
7
7
7
7
7
7
7
7
7
7
7
7
8
8
8
8
8
8
8
8
8
8
8
8
8
8
8
8
8
8
8
8
8
8
9
9
8
8
8
8
8
8
8
8
8
8
8
8
8
8
8
9
9
8
9
8
9
9
9
9
9
9
9
9
9
9
9
9
9
9
9
9
9
9
9
9
9
9
9
9
9
9
9
9
9
9
9
13
9
9
9
9
9
9
9
10
9
10
10
10
10
10
10
10
10
10
10
10
10
10
10
10
10
10
10
10
10
10
10
10
10
10
10
10
10
10
10
10
10
10
10
10
10
11
12
12
13
13
13
13
13
13
13
14
13
13
13
13
13
13
13
13
13
13
13
13
13
13
11
11
11
11
11
11
11
11
11
11
11
11
11
11
11
11
14
11
11
11
11
12
11
12
11
11
11
11
12
12
12
12
12
12
12
12
12
12
12
12
12
12
12
12
12
12
12
12
12
12
12
12
12
12
12
12
12
12
12
12
12
12
12
12
12
12
12
12
12
12
12
12
14
15
14
15
16
12
13
13
13
13
13
13
13
13
13
13
13
13
13
13
13
17
13
13
13
13
13
13
13
13
13
13
13
13
13
13
13
13
13
13
13
13
13
13
13
14
13
13
14
14
13
14
14
14
14
14
14
14
14
14
14
14
14
14
14
14
14
14
14
14
14
14
14
14
14
14
14
15
14
14
14
14
14
14
14
14
14
15
14
14
14
20
15
14
15
14
15
15
15
15
14
15
15
15
17
18
18
18
18
18
18
18
19
18
18
18
18
18
19
19
19
18
18
19
18
18
19
18
18
18
19
19
19
18
19
19
17
16
15
15
15
15
16
16
16
16
16
20
16
15
16
16
16
16
16
16
16
16
16
16
16
16
16
16
16
16
16
16
16
16
16
16
16
16
16
16
16
16
16
16
16
17
16
16
16
16
16
16
17
17
16
16
16
17
17
17
17
17
17
17
17
17
18
19
17
17
29
17
17
17
17
17
17
17
17
17
17
17
17
17
19
17
17
17
17
17
18
18
17
18
17
18
17
18
18
17
18
18
18
19
18
19
18
18
18
18
18
18
18
18
18
18
18
18
18
18
18
19
18
18
28
22
22
22
22
22
22
24
22
22
22
22
22
22
22
22
22
22
23
23
23
22
22
22
22
23
23
23
23
22
23
23
22
23
23
21
19
19
19
19
19
19
21
19
25
19
19
19
19
19
19
19
19
19
19
19
19
19
19
19
19
20
19
20
19
20
20
19
20
20
20
20
20
20
19
20
20
20
20
20
20
20
20
20
20
20
20
20
20
20
20
24
20
24
20
20
20
20
20
20
20
20
20
21
20
20
20
20
20
20
20
20
21
21
20
20
21
20
21
21
21
21
21
21
21
21
21
21
21
21
21
21
21
21
21
21
21
21
21
21
25
22
21
24
26
26
26
26
26
26
26
26
26
26
29
26
26
38
25
25
26
25
25
25
25
25
25
25
25
25
25
24
21
21
21
21
21
21
21
21
25
21
21
21
21
21
21
21
21
21
22
22
22
21
22
22
22
22
22
22
22
23
22
22
22
22
22
22
22
22
22
22
22
22
22
22
22
22
22
22
22
22
22
22
37
22
22
22
22
22
23
22
22
23
22
22
23
22
22
23
23
23
25
23
22
22
23
23
23
23
23
23
23
22
23
23
23
23
23
23
23
23
23
23
23
23
27
24
23
23
23
23
23
23
23
23
23
23
24
23
24
23
23
24
24
23
23
28
28
29
28
28
29
29
28
29
28
29
26
24
24
24
24
24
24
24
27
24
24
24
24
24
24
24
24
24
24
24
24
24
24
24
24
24
24
24
24
24
25
25
24
25
24
24
25
25
25
25
25
25
25
27
25
25
24
28
25
25
25
25
25
25
25
25
25
25
25
25
25
25
25
25
25
25
25
25
25
25
25
25
25
25
25
25
25
25
25
25
25
26
26
26
28
31
34
31
31
31
31
31
31
31
31
31
31
31
31
31
43
30
30
31
31
30
31
30
30
31
31
29
26
26
25
26
25
26
28
25
26
26
26
26
25
26
26
26
26
26
26
26
26
26
26
58
26
26
26
26
26
26
26
27
27
26
26
26
26
26
26
26
26
26
26
30
27
26
26
27
26
26
26
26
26
26
26
27
26
26
27
27
26
27
26
27
26
41
27
27
27
27
27
28
27
28
28
28
28
28
31
29
28
28
28
28
28
28
28
28
28
28
28
28
28
28
28
31
31
28
28
28
44
28
27
28
29
33
30
28
28
28
28
28
32
29
28
27
28
28
28
28
28
28
28
28
28
28
28
28
28
28
28
52
31
29
29
29
29
29
29
29
29
29
29
29
29
29
33
29
29
29
29
30
29
29
29
29
29
29
29
30
30
30
33
29
29
29
29
30
30
30
30
30
29
29
30
31
30
30
30
36
32
30
30
30
30
30
30
30
30
30
30
30
30
30
30
30
30
30
31
31
36
37
36
37
35
30
31
30
30
31
37
31
30
30
31
30
31
30
31
31
31
31
31
31
31
31
31
31
31
31
31
31
34
32
34
32
45
36
33
37
52
32
35
33
32
32
31
34
36
32
32
33
33
32
32
32
33
31
32
32
32
32
32
31
32
31
31
32
32
32
58
32
32
32
32
31
32
32
32
32
32
32
32
32
32
32
32
32
59
33
33
33
36
38
33
33
33
33
34
38
33
33
34
34
39
41
34
33
33
33
34
33
34
33
34
34
50
33
33
33
33
33
33
33
33
33
33
44
33
33
33
34
35
33
33
33
33
33
34
33
33
33
34
33
33
33
34
33
33
33
33
33
33
33
33
33
39
34
33
34
34
34
34
40
41
41
41
41
41
41
41
41
41
41
41
42
41
36
34
34
34
34
37
34
34
34
34
34
34
34
34
34
34
35
34
34
34
34
34
34
34
34
34
34
34
34
35
35
35
34
35
48
34
35
35
35
35
34
35
35
35
35
35
35
35
35
35
35
36
35
35
39
35
35
35
35
35
35
39
35
36
35
35
35
35
35
35
36
35
36
35
35
35
36
36
35
36
35
36
36
35
38
36
36
36
36
39
36
36
36
36
36
36
36
36
36
36
36
36
36
36
36
36
36
37
36
36
36
36
36
37
36
36
38
36
36
36
36
37
36
36
36
37
37
37
36
37
37
37
37
37
37
37
37
37
37
37
37
37
37
38
37
37
37
37
37
37
36
37
37
37
41
47
45
45
45
45
45
45
45
39
37
37
38
40
37
37
37
38
37
37
37
37
37
38
37
38
38
38
39
38
38
38
38
38
38
38
38
38
38
40
40
39
42
38
38
38
38
38
38
39
38
38
38
38
38
38
38
38
38
39
38
39
38
39
38
44
38
38
38
39
38
39
39
39
39
39
39
39
38
39
39
39
39
39
39
39
39
39
39
39
45
39
39
41
39
39
39
39
39
39
42
39
39
39
39
39
40
39
41
40
40
39
39
40
39
44
39
40
39
39
40
40
40
40
40
40
40
40
40
40
40
40
40
40
40
40
40
40
40
43
40
40
40
40
40
41
40
40
40
40
40
40
40
40
42
57
41
40
40
39
39
40
39
40
48
40
40
40
40
43
40
40
40
42
40
40
40
40
40
40
40
40
40
40
40
40
40
40
47
40
40
40
40
40
40
40
41
40
40
40
43
40
41
41
40
40
41
40
40
45
40
40
54
40
41
40
40
41
41
41
41
41
41
41
41
58
42
42
42
42
42
42
42
42
42
45
44
42
42
42
42
42
42
43
43
42
43
42
43
42
42
43
43
43
43
42
42
42
45
43
42
43
42
43
43
43
42
43
42
43
42
43
56
42
41
42
42
42
41
42
42
44
42
42
43
42
42
42
42
42
42
42
42
42
42
56
43
43
43
43
46
43
44
43
72
43
43
43
43
43
43
43
44
43
44
44
43
43
44
44
44
44
44
43
44
44
46
44
44
44
44
44
44
44
44
44
44
44
44
44
44
45
44
44
44
44
45
44
46
44
45
44
44
44
45
44
45
44
45
44
58
43
43
43
43
43
43
43
44
43
45
44
43
44
44
44
44
44
44
44
44
44
44
44
44
44
44
44
44
44
44
44
44
46
44
44
44
44
44
44
47
44
45
44
44
58
45
46
46
45
46
45
47
46
48
46
46
46
46
46
46
46
46
46
46
46
46
46
46
46
46
46
51
46
47
53
46
46
46
46
46
47
47
46
46
46
46
46
47
47
47
47
47
47
46
46
49
47
47
47
47
47
47
47
47
47
47
47
47
63
47
47
46
48
46
47
46
51
46
46
46
46
46
46
46
46
49
47
46
46
46
46
46
46
46
46
46
46
64
47
49
46
46
46
46
47
46
46
46
48
66
55
49
49
49
48
52
49
67
49
48
55
48
49
48
48
49
48
48
48
49
48
48
54
48
49
48
49
53
48
50
49
49
48
48
49
49
48
48
48
48
49
48
49
48
48
49
50
53
49
49
49
49
49
49
49
49
49
49
60
49
50
49
49
49
49
49
49
53
49
49
49
49
49
49
49
49
49
49
49
49
49
49
50
49
50
50
49
52
50
52
50
49
49
49
50
49
50
50
50
50
50
50
50
49
50
50
50
66
50
50
50
50
50
50
50
50
51
50
50
50
50
50
50
50
50
50
53
50
50
50
51
51
50
50
51
51
51
50
51
50
50
50
50
50
51
50
53
51
51
51
50
50
51
51
50
51
51
66
50
50
49
50
50
50
50
51
50
50
50
50
50
50
50
50
50
50
50
50
50
50
50
50
50
50
50
52
50
50
50
52
50
50
50
50
50
64
52
52
52
52
52
52
52
52
57
52
52
52
52
52
52
52
52
52
65
51
51
51
51
51
51
51
51
55
51
51
51
51
51
51
51
51
51
51
51
51
51
52
51
52
51
51
57
51
51
51
51
51
52
51
52
54
54
53
52
53
52
51
52
52
52
57
52
52
52
52
52
52
52
52
52
52
69
54
53
54
54
53
54
58
54
53
53
54
54
56
53
54
55
56
70
52
53
52
52
53
52
57
53
53
52
52
52
52
53
53
53
70
54
54
54
54
54
54
54
59
54
54
54
54
56
57
54
55
55
70
53
54
53
53
53
53
53
56
53
53
54
53
53
53
53
53
53
53
53
53
54
54
54
54
55
78
54
54
54
55
54
54
54
54
71
55
72
55
55
55
56
55
62
56
55
56
56
55
55
56
55
55
56
56
55
56
55
56
57
56
63
55
56
59
56
56
56
55
56
56
56
56
56
56
56
56
56
64
57
56
56
56
56
56
57
56
69
57
55
55
55
55
55
55
55
57
55
55
54
55
55
55
55
55
69
56
57
56
58
57
56
57
58
57
57
57
57
57
59
57
57
57
69
55
55
55
56
55
56
68
56
55
56
56
55
56
56
56
56
56
56
56
56
56
56
56
56
58
56
56
56
56
56
56
56
56
56
56
56
56
57
56
57
58
59
56
56
56
56
56
56
57
56
56
70
58
58
58
58
58
58
60
58
58
58
58
58
58
58
58
58
58
70
57
57
57
57
57
58
58
57
57
57
57
57
57
57
57
58
57
57
57
57
57
58
60
62
62
59
57
58
57
57
57
58
58
58
58
57
57
58
58
58
63
58
58
58
58
58
58
58
58
58
58
58
58
58
58
58
58
61
58
59
58
58
58
58
58
58
58
58
58
60
61
58
58
63
58
58
58
58
58
61
59
58
75
60
60
60
61
60
60
61
63
60
60
61
60
60
60
61
61
76
59
59
59
59
60
60
63
59
59
59
59
59
59
59
59
59
59
59
59
59
59
59
60
65
60
59
60
60
60
59
60
60
59
60
60
60
59
71
59
74
60
60
60
59
60
60
61
60
60
60
62
60
60
60
60
63
69
60
60
60
60
60
60
60
61
60
72
60
60
61
63
65
60
61
60
62
61
60
61
77
62
62
62
62
62
62
62
65
62
63
62
62
62
62
63
76
60
61
60
61
61
61
61
63
61
61
61
61
61
61
61
61
61
61
61
61
61
61
61
74
62
61
61
61
62
61
61
61
62
61
61
62
62
62
61
64
61
61
62
61
62
63
62
62
78
60
60
60
60
60
61
62
60
60
60
60
60
60
60
61
60
61
60
60
60
61
60
62
61
61
63
61
61
61
61
74
63
62
65
63
63
62
63
67
63
63
63
63
63
63
63
63
63
63
64
64
63
63
68
63
63
63
63
63
63
63
63
63
63
63
63
63
63
63
65
63
63
63
64
63
64
64
65
83
66
65
65
66
65
69
65
65
66
65
65
65
65
65
65
66
66
65
66
65
68
66
66
66
66
66
66
66
66
83
65
64
64
64
64
68
64
64
65
65
64
65
64
64
64
66
67
65
65
64
75
64
65
65
65
65
65
65
82
67
66
66
67
66
66
70
67
67
67
67
67
67
67
67
84
65
65
67
66
71
66
66
68
65
65
65
66
66
65
66
65
65
66
66
70
65
66
66
65
66
65
65
66
65
66
65
66
66
67
76
66
66
66
66
66
66
66
66
82
64
64
64
64
64
67
64
65
64
64
64
64
64
64
64
65
65
65
64
65
65
69
65
64
65
65
70
64
65
65
79
66
67
66
66
84
66
67
67
67
67
67
66
67
67
67
67
67
66
67
71
67
67
67
67
67
67
67
67
83
65
65
65
65
69
65
65
65
65
65
65
65
66
66
65
66
65
66
66
66
68
65
66
66
66
66
67
66
66
66
66
69
66
66
66
68
66
66
65
66
67
68
70
67
66
66
66
67
66
70
66
67
66
67
66
67
67
66
66
82
65
64
65
65
69
65
66
65
65
65
65
72
83
67
67
67
67
67
67
81
67
67
67
67
67
67
67
86
82
69
70
70
79
72
70
69
69
69
69
69
69
81
67
67
68
67
67
71
68
67
67
68
68
68
68
81
66
67
66
66
67
103
66
66
66
66
67
66
66
84
68
68
68
68
68
75
68
68
69
68
68
68
71
70
85
70
71
70
70
80
70
70
70
71
70
70
70
70
70
72
70
70
70
73
70
70
70
71
70
70
84
73
72
72
73
73
73
75
72
73
73
72
73
73
73
84
71
71
71
71
82
71
71
71
71
71
71
71
71
71
71
71
71
71
74
71
71
71
72
71
71
71
71
71
71
71
71
71
73
72
72
72
72
71
72
84
70
70
70
70
70
69
71
70
70
70
70
70
70
82
68
68
68
69
68
68
70
68
68
68
68
69
68
82
66
67
67
67
67
67
68
67
67
67
67
67
93
102
83
80
85
69
69
72
69
83
92
86
66
66
66
66
66
66
66
66
66
72
110
66
67
66
66
66
66
66
82
65
64
65
65
65
113
64
65
65
65
65
65
65
66
65
66
65
65
118
105
65
65
65
67
65
65
65
65
65
65
65
65
66
86
68
67
67
68
67
68
72
68
66
66
66
104
65
112
66
66
66
66
66
65
65
66
66
66
66
66
66
70
66
66
66
73
66
66
66
66
141
66
66
69
66
99
90
66
66
66
66
67
90
120
66
65
66
66
110
66
66
66
66
66
66
66
66
66
66
66
66
66
73
66
66
66
66
67
66
66
66
67
66
67
66
67
67
79
69
66
66
66
67
66
67
67
67
66
67
66
66
71
67
67
67
67
67
67
67
67
67
67
67
67
67
67
68
67
67
67
68
67
67
67
67
67
67
68
67
67
67
68
67
67
67
67
67
67
67
67
132
68
68
67
70
68
67
68
67
67
67
68
68
69
67
68
68
67
68
69
68
67
68
68
68
68
67
68
68
68
69
68
68
68
69
103
68
68
69
68
68
68
68
68
93
77
90
72
68
69
68
68
69
68
68
69
69
69
68
68
68
72
69
68
69
69
68
69
69
69
69
69
69
69
69
69
75
69
69
69
69
69
69
69
69
69
69
69
69
69
81
69
69
69
71
69
69
69
71
73
116
115
99
87
69
70
70
69
69
69
70
70
69
70
69
70
98
86
69
69
70
70
70
69
69
70
70
70
71
71
69
70
70
70
70
70
70
70
70
70
70
70
70
71
132
70
71
136
92
108
70
74
70
70
70
101
88
70
70
70
70
70
70
71
70
70
70
71
74
100
88
71
70
70
70
73
70
70
70
71
71
71
75
97
72
71
71
71
132
88
71
71
71
71
98
93
71
71
71
90
118
71
71
71
74
71
95
86
72
72
71
71
71
71
71
71
71
71
71
71
120
71
71
71
72
72
72
72
71
71
71
72
71
99
90
72
72
72
72
72
72
71
72
72
72
72
74
72
72
72
72
72
71
72
72
72
72
105
72
92
89
72
72
72
116
74
73
72
72
72
73
72
76
72
72
72
72
72
73
72
72
73
73
72
73
73
106
91
72
72
72
73
72
72
73
73
73
73
72
106
91
73
73
73
73
73
73
73
73
73
73
81
118
72
78
73
73
73
73
73
73
73
74
73
104
92
74
74
74
73
73
73
77
114
73
74
73
104
91
75
74
75
74
116
96
98
74
74
102
92
75
74
74
74
74
115
74
74
74
74
77
120
74
73
74
74
74
74
74
74
74
74
74
101
92
74
74
74
74
74
75
74
74
74
74
74
102
93
74
74
115
112
74
74
79
74
74
77
116
93
122
74
75
74
74
74
75
74
74
76
116
75
75
75
75
75
75
75
75
75
75
75
101
90
75
75
75
75
75
75
75
75
75
75
75
124
76
75
76
76
75
75
75
76
75
75
77
102
94
75
75
75
75
76
75
75
76
75
75
76
80
76
75
76
76
76
108
76
76
76
75
76
105
102
77
76
76
76
77
76
76
76
76
76
76
81
76
76
76
76
76
76
76
76
76
76
76
76
78
105
132
76
76
76
76
77
79
76
76
79
120
77
77
77
76
77
77
76
77
77
78
77
110
94
76
77
77
77
77
77
77
77
77
77
130
77
77
77
78
77
77
78
96
108
92
110
103
78
81
82
79
77
78
78
78
135
92
99
78
78
78
77
77
77
78
78
78
78
77
118
95
78
78
78
78
78
83
78
78
78
78
108
103
81
78
78
78
78
81
78
78
78
78
128
78
139
95
78
77
99
132
79
78
129
78
78
78
78
78
79
79
79
78
78
78
121
79
78
79
79
78
78
79
78
78
79
79
120
95
78
79
79
79
79
79
79
79
79
80
120
79
79
79
79
79
79
79
79
79
79
79
125
80
79
79
79
79
79
79
79
79
79
79
81
104
95
79
80
79
79
101
106
80
80
111
98
79
80
80
80
80
79
80
80
80
80
111
99
80
80
80
80
80
80
80
80
80
80
130
113
121
81
80
98
82
82
83
82
112
108
82
88
82
82
82
82
85
82
82
85
129
86
82
109
101
99
81
85
102
87
111
80
80
80
82
82
82
81
142
99
82
133
81
80
105
98
84
81
81
80
81
81
130
81
81
81
81
81
81
81
81
81
81
81
135
81
82
84
81
81
81
81
81
81
86
84
104
136
81
82
81
81
81
81
81
82
84
82
81
81
81
81
81
81
82
82
81
82
83
114
115
82
81
82
82
82
82
82
82
82
132
82
82
82
82
82
82
82
82
82
82
108
102
82
82
82
82
82
82
82
82
82
82
128
82
83
82
82
83
82
82
82
82
82
87
82
83
82
82
83
82
83
83
83
115
83
106
115
100
83
107
91
102
83
83
83
110
102
84
83
83
84
83
83
83
83
85
84
135
83
83
84
85
84
83
87
87
87
89
163
85
106
101
83
83
83
83
83
83
110
98
85
83
83
83
98
86
85
85
86
90
122
86
86
85
86
98
84
83
83
84
116
99
84
84
84
84
84
84
84
84
84
84
131
86
84
106
92
134
103
88
84
84
133
84
84
84
84
84
84
84
85
84
84
130
102
84
84
124
121
85
84
84
85
87
85
84
85
84
84
85
85
88
84
85
85
91
85
85
84
85
85
85
84
84
85
85
93
85
85
85
85
85
85
85
85
85
85
85
119
107
85
85
85
85
103
88
88
87
89
133
87
87
87
87
114
85
85
85
86
109
102
86
86
85
85
85
86
85
86
85
87
126
85
86
86
118
86
86
85
109
108
159
113
129
86
87
86
86
86
86
91
136
87
86
86
86
86
86
87
87
86
92
87
86
87
86
87
87
86
87
90
89
87
131
87
87
127
86
86
87
87
87
86
90
86
87
86
87
87
87
86
86
87
87
87
91
87
87
122
124
87
87
87
87
87
136
87
87
87
87
87
87
87
87
87
87
133
87
87
87
88
87
87
87
87
88
88
116
105
87
87
87
88
87
88
87
126
119
108
95
88
87
88
87
88
88
103
88
133
88
88
88
88
88
88
88
88
88
116
134
125
125
88
88
89
88
89
88
114
105
89
88
88
88
88
88
88
88
88
90
88
89
88
88
88
88
89
88
89
88
98
88
88
88
88
89
88
89
128
128
127
89
89
88
88
89
89
89
89
88
89
116
145
89
89
89
113
151
89
89
95
137
89
89
90
89
89
92
90
90
89
119
148
128
89
90
90
90
89
89
93
89
89
90
90
89
90
89
90
89
89
97
89
90
89
89
90
90
90
90
89
90
92
90
90
90
90
90
90
90
90
90
90
90
96
90
90
90
90
90
90
90
90
90
95
90
90
91
98
91
90
90
90
90
91
100
91
134
152
108
91
121
93
93
100
92
93
93
108
93
109
91
90
91
104
100
91
90
91
91
96
91
91
91
91
116
150
91
91
91
91
91
91
91
91
93
91
91
91
91
91
91
91
91
91
92
102
91
91
91
91
92
91
91
91
95
91
94
91
92
91
91
92
91
91
91
91
91
93
91
91
92
92
92
92
92
92
92
92
95
92
92
92
92
92
92
92
126
92
114
107
92
92
92
180
96
94
92
121
111
92
93
93
110
95
95
95
95
99
146
95
94
95
95
111
92
93
93
123
112
92
93
93
93
93
93
93
95
106
148
95
96
101
117
103
116
125
129
93
93
94
102
93
93
129
93
93
136
93
93
93
93
93
93
94
93
94
100
93
93
93
167
93
93
93
94
93
95
94
93
93
94
94
93
94
93
93
93
98
94
95
94
94
97
93
94
95
94
102
93
94
94
94
93
94
94
94
93
157
112
94
94
94
112
96
96
96
96
139
97
97
97
112
94
94
94
95
94
131
95
94
94
94
94
95
95
95
94
124
107
95
94
94
95
95
94
95
95
96
95
94
95
128
94
95
95
95
95
96
95
95
95
95
127
95
95
94
96
127
161
137
96
96
95
96
95
95
125
113
95
96
96
96
96
96
95
96
99
97
96
96
96
96
96
96
96
96
106
96
96
96
96
96
96
96
96
97
96
192
144
98
111
143
115
98
129
117
98
99
98
114
101
96
96
96
131
97
96
96
96
96
96
96
96
97
108
97
122
121
100
97
97
97
122
122
117
97
97
96
97
108
96
97
97
147
97
103
97
97
97
97
97
97
126
117
97
97
97
97
97
97
97
96
170
97
97
97
97
176
97
98
97
154
97
97
97
97
97
97
97
97
99
142
97
97
97
98
97
97
98
98
146
97
98
98
98
98
98
158
115
137
98
98
98
98
115
100
101
101
102
168
121
100
100
142
101
139
98
145
99
98
99
98
98
98
99
98
126
120
176
99
98
98
98
99
98
145
98
98
102
99
99
99
98
99
100
107
98
99
98
99
99
99
99
99
99
102
101
98
99
99
99
99
99
99
99
105
100
103
106
99
99
100
99
99
142
120
100
100
99
99
99
99
100
100
137
126
99
99
99
99
100
100
100
103
99
99
100
138
138
118
102
102
154
102
102
102
102
180
102
102
104
102
102
102
103
102
115
100
100
100
104
134
100
100
100
100
100
100
100
100
110
100
100
100
100
100
100
100
100
100
102
100
100
100
101
100
100
100
100
102
100
101
101
101
101
100
100
101
100
102
100
101
101
101
101
101
104
134
102
138
101
101
101
143
108
101
101
101
151
101
101
101
101
101
101
101
101
130
128
101
101
102
101
102
101
101
105
147
102
101
102
101
119
104
103
113
146
104
104
104
105
120
102
103
111
146
102
103
143
101
101
104
103
133
126
103
102
102
102
102
102
102
106
102
104
103
102
102
102
103
103
102
111
102
102
102
105
102
102
102
102
102
106
103
102
125
158
102
102
102
103
104
102
103
103
102
102
103
102
102
104
103
103
103
102
102
103
103
102
104
112
103
103
102
103
103
103
103
103
103
105
105
103
103
106
103
103
164
113
123
103
103
103
103
103
103
103
103
143
103
103
103
103
103
103
103
103
144
103
103
103
136
139
104
128
114
165
111
103
104
103
104
104
104
132
122
104
104
103
104
104
104
104
107
104
104
104
104
104
104
106
104
104
112
104
104
105
104
105
104
104
105
131
124
104
105
105
104
105
104
104
110
158
104
106
106
104
105
146
104
108
105
105
105
104
104
105
104
105
110
104
105
104
105
104
105
104
138
130
119
105
105
105
104
105
105
105
105
150
105
105
105
105
105
105
105
105
151
106
106
150
144
109
105
105
175
106
106
105
105
108
105
105
106
151
105
105
105
105
105
106
106
106
107
106
106
106
106
105
105
106
105
114
106
145
144
106
106
106
106
106
108
106
106
106
106
106
106
106
106
110
106
106
106
106
106
144
126
109
161
107
106
106
107
107
106
107
107
113
107
107
106
108
107
107
118
110
180
130
140
155
134
110
142
128
110
109
109
122
106
107
107
151
107
107
107
107
109
127
145
121
128
107
108
107
107
107
148
107
154
107
108
108
107
107
180
107
131
131
107
107
107
107
107
108
107
144
108
107
107
111
107
108
108
107
153
107
107
107
108
108
108
107
107
151
108
107
108
108
108
107
108
110
150
108
108
107
108
108
108
108
109
108
108
108
108
108
108
108
108
108
145
108
108
108
108
108
160
121
136
108
108
122
111
111
111
111
113
145
111
112
122
109
109
153
109
139
108
130
155
109
109
109
109
161
150
147
110
110
109
109
109
156
109
110
109
115
156
147
141
127
110
110
109
109
109
109
109
136
135
113
113
111
111
114
110
134
139
110
109
111
109
110
110
109
154
110
110
110
110
110
110
109
110
157
114
110
131
133
109
110
110
137
126
109
110
110
110
109
110
110
151
110
110
110
110
110
176
110
153
111
110
110
110
128
113
113
145
131
113
114
114
129
111
110
113
157
110
110
111
111
110
111
110
133
125
110
111
110
111
112
111
111
153
111
111
111
111
111
111
111
112
149
111
111
111
111
111
111
111
150
111
112
111
152
111
111
111
137
160
138
112
112
112
111
111
141
129
112
112
112
112
112
112
113
160
112
112
112
112
112
112
112
116
165
116
112
112
112
112
113
128
162
113
113
154
112
187
112
157
112
112
112
126
115
115
119
153
116
117
116
117
132
118
119
174
118
118
118
134
114
115
115
159
115
115
114
115
137
112
113
161
113
113
153
112
112
113
112
151
113
112
113
112
113
113
113
119
113
113
113
112
112
114
113
113
125
113
113
113
113
113
113
113
113
159
113
113
113
113
113
113
113
140
133
113
114
113
114
113
113
114
115
114
113
113
113
113
113
114
115
143
131
114
114
114
167
139
141
115
114
114
114
132
117
117
120
117
117
117
118
133
114
116
114
119
115
114
118
115
114
115
114
121
114
115
114
114
125
114
114
122
128
115
120
115
115
160
116
116
176
115
119
115
115
115
114
115
120
115
115
115
115
115
114
115
125
115
115
115
115
115
155
115
115
117
115
116
115
115
115
115
116
119
115
115
115
115
115
116
115
115
126
115
116
115
115
115
115
115
117
116
115
116
115
116
116
178
127
135
115
116
116
130
118
119
118
158
119
118
119
129
116
116
116
155
116
116
116
116
116
116
116
118
116
116
116
116
116
116
146
128
133
116
116
170
117
117
118
164
116
116
116
117
116
116
117
119
117
116
116
117
116
117
117
117
120
117
117
117
117
117
121
117
146
137
118
117
117
117
117
125
126
118
162
117
118
117
116
118
145
131
117
118
117
117
118
117
119
117
118
117
117
117
117
117
118
165
117
117
117
117
117
117
117
165
118
118
160
117
118
118
123
169
118
118
118
118
128
118
120
165
118
118
118
118
118
118
120
166
118
119
119
118
118
118
125
173
118
158
118
119
119
118
157
118
119
119
118
118
118
119
146
134
119
119
118
118
119
119
153
133
157
144
137
119
152
166
119
119
119
119
119
119
119
170
119
119
120
119
119
119
119
122
120
120
119
119
119
121
123
127
119
119
120
119
119
197
120
165
120
120
119
122
120
121
120
176
120
120
120
119
119
122
133
162
139
124
122
120
120
154
143
121
120
128
120
119
120
120
138
120
120
119
120
123
120
120
127
120
120
120
120
120
120
131
124
142
138
120
120
121
120
120
124
120
120
120
120
120
120
120
122
121
120
120
120
120
121
121
120
131
121
121
121
121
121
121
121
123
121
121
121
121
121
121
121
122
121
121
121
121
120
121
121
122
148
175
121
121
144
139
156
121
123
122
122
121
122
122
151
138
121
121
121
122
121
122
171
122
122
123
121
123
122
123
131
121
121
122
126
122
122
122
125
129
123
122
122
122
127
158
149
123
125
122
123
123
122
127
123
122
122
122
122
123
122
132
133
123
122
123
123
163
123
128
122
122
122
122
122
122
123
127
122
122
123
122
122
122
123
132
122
123
123
123
122
123
123
125
123
122
123
123
123
123
123
151
140
123
122
122
122
123
122
168
123
123
122
123
123
123
123
162
123
123
123
123
123
123
123
126
124
123
123
123
123
165
145
139
146
137
150
149
125
151
142
123
124
123
124
123
124
170
124
124
129
124
124
124
123
175
124
124
124
126
125
124
152
142
126
124
127
126
149
134
147
124
124
124
124
124
124
127
165
124
124
124
124
125
124
174
125
125
124
124
124
124
124
173
124
124
124
124
124
124
127
200
144
146
128
129
127
159
146
127
127
143
127
131
126
167
125
126
125
125
125
125
163
143
125
125
134
125
165
152
142
125
125
125
125
125
125
127
126
126
125
125
125
125
126
135
125
125
127
125
125
125
126
127
125
125
154
145
126
156
170
126
125
126
126
126
126
129
175
126
126
125
126
126
125
170
126
126
130
126
132
126
134
126
126
127
126
126
126
127
129
126
126
126
128
127
126
126
136
143
127
167
183
138
167
148
127
126
127
145
129
139
179
130
130
140
145
126
126
184
126
127
127
138
128
126
130
127
136
127
127
166
127
127
129
127
127
126
127
127
127
129
127
128
126
127
127
127
127
137
127
127
127
127
127
127
127
129
127
128
127
127
128
127
127
179
128
127
128
127
127
128
129
128
128
128
128
127
128
128
129
163
128
128
127
179
128
175
128
128
128
128
128
127
128
132
128
128
128
128
128
161
194
128
128
128
151
132
131
179
131
131
131
148
128
129
156
147
128
128
128
129
128
129
137
129
128
129
131
129
129
137
128
156
150
130
129
129
136
180
129
129
129
130
129
129
132
130
129
129
129
129
129
137
129
130
130
129
129
169
129
132
129
129
129
129
131
129
131
129
130
129
129
129
130
129
139
129
129
130
129
129
129
130
132
129
130
129
130
129
130
132
130
129
129
129
129
130
130
131
130
196
130
130
151
150
168
130
130
158
151
130
130
182
131
130
130
131
130
131
184
131
130
131
132
132
132
157
149
131
131
130
130
130
145
130
131
131
131
131
132
157
153
131
131
133
178
132
132
222
131
131
132
142
131
131
135
144
131
131
131
133
131
140
131
131
132
131
171
131
134
131
131
131
131
131
131
131
136
131
132
131
131
131
131
142
131
131
131
131
131
132
131
177
131
131
133
132
131
132
177
210
131
132
131
131
132
172
132
132
132
132
132
133
133
132
132
132
132
131
132
133
133
132
133
172
133
132
132
204
159
133
133
132
133
161
154
133
133
133
132
132
136
132
133
133
133
133
133
133
140
133
133
133
132
134
133
137
133
133
133
134
138
133
133
167
154
132
133
133
132
133
136
132
133
133
132
133
133
138
133
133
133
134
133
133
133
143
133
133
133
133
134
133
135
134
133
133
134
134
174
170
133
134
134
134
134
133
183
153
134
134
134
133
133
159
162
134
134
134
134
141
136
134
134
143
174
133
134
135
133
134
134
134
134
134
134
140
134
134
134
134
134
134
142
168
195
155
183
155
168
151
135
135
135
135
134
142
135
135
134
135
135
135
135
137
135
135
135
134
134
135
142
135
135
135
135
135
135
139
135
136
135
135
135
136
136
143
136
135
140
135
136
135
141
137
163
149
157
181
171
221
135
154
139
139
142
181
142
139
154
136
137
185
135
136
136
135
135
136
182
137
136
136
136
136
136
141
135
176
135
136
136
136
160
150
136
136
136
136
136
141
136
136
136
136
136
136
146
136
137
136
136
137
137
136
139
136
136
137
136
159
157
177
180
180
137
137
138
184
137
137
137
136
137
136
139
137
137
137
137
137
137
140
186
137
137
136
137
137
144
137
137
139
138
137
137
142
137
137
137
176
138
137
201
137
137
137
159
140
140
187
151
143
157
137
137
173
163
168
157
139
137
138
190
138
138
137
139
138
139
197
138
138
138
137
151
141
138
138
140
138
138
138
201
159
138
138
138
138
138
140
138
138
138
138
138
139
151
138
138
138
139
138
138
140
138
138
138
138
138
138
138
140
138
138
179
139
139
139
179
159
139
139
138
139
169
157
139
139
139
139
140
172
159
139
139
139
141
139
176
275
151
171
154
193
186
161
161
146
184
193
146
148
159
142
142
142
181
142
201
139
139
139
178
139
139
139
139
140
139
177
139
139
139
139
139
139
185
139
139
139
140
140
167
158
145
139
139
139
140
182
140
140
139
140
140
140
142
141
140
140
140
140
140
141
140
140
140
140
140
141
142
140
140
170
141
140
140
142
140
140
140
140
140
140
141
182
141
140
141
167
205
163
142
141
141
141
142
146
141
218
140
158
145
149
194
144
145
158
141
141
227
146
148
147
167
160
193
143
142
143
142
141
142
154
142
147
141
142
163
170
141
141
141
142
142
141
147
141
141
141
142
142
141
152
142
143
141
142
141
142
189
142
142
141
142
142
142
143
142
142
142
142
142
142
143
142
142
142
142
142
142
143
147
142
142
142
142
143
144
142
142
142
143
142
142
144
142
142
142
142
142
142
143
143
142
142
142
164
153
163
142
143
168
177
146
193
142
143
143
143
143
147
143
143
143
144
143
143
150
195
145
146
197
148
195
182
169
149
171
170
182
142
143
143
144
144
144
152
143
143
143
143
143
168
171
143
143
143
143
144
148
144
143
143
143
143
143
152
144
143
143
143
144
144
185
144
143
144
144
144
144
187
144
144
144
144
144
145
143
143
144
143
144
144
146
144
144
144
144
144
144
145
177
144
185
144
144
145
183
211
150
159
148
147
185
147
168
174
144
145
147
224
167
145
145
145
180
167
145
147
147
146
150
145
145
145
144
156
145
156
145
151
145
161
151
155
164
170
166
150
145
146
180
145
145
146
159
146
151
145
153
145
146
187
145
188
145
145
145
146
145
147
182
145
146
146
145
145
159
145
146
145
146
146
145
148
146
146
146
146
146
146
149
146
146
145
145
146
147
146
146
146
146
146
146
148
146
145
147
213
146
147
187
146
146
146
146
146
186
147
146
146
146
146
146
202
161
146
147
146
180
181
146
147
146
147
147
173
172
148
147
148
147
147
151
147
149
147
148
148
158
147
147
148
148
151
152
175
166
147
147
147
148
147
187
147
147
147
147
147
149
147
147
147
147
147
147
158
147
192
147
149
148
176
165
147
147
148
148
147
206
148
147
147
148
149
187
148
150
148
148
147
150
193
151
148
147
147
152
194
148
149
148
148
147
191
166
169
171
148
148
175
165
147
147
148
149
148
191
148
148
148
149
181
183
175
178
150
149
149
197
149
149
150
151
149
200
149
149
153
151
151
151
244
149
148
148
149
149
189
150
148
149
149
150
198
154
149
149
149
149
208
169
149
149
149
149
151
196
150
149
149
150
149
194
149
150
149
149
149
181
165
149
151
151
150
149
209
150
149
149
150
150
199
150
153
187
150
149
194
149
150
166
153
153
194
154
153
167
150
150
186
165
150
150
150
149
151
194
150
150
150
150
150
151
150
150
187
151
151
216
151
150
151
151
151
178
172
151
150
150
150
151
152
150
151
151
151
151
187
168
150
151
151
150
151
154
151
151
151
151
151
201
151
151
151
151
151
178
171
151
151
151
151
155
199
171
152
151
151
151
155
152
152
157
153
151
183
174
151
151
151
152
151
159
151
151
151
151
178
198
152
151
153
151
151
196
162
151
152
151
155
182
169
151
152
152
152
152
187
152
151
153
152
152
161
152
152
152
152
152
154
195
152
197
200
152
200
152
152
152
152
152
180
170
153
153
152
154
155
153
152
153
152
153
153
161
153
153
153
153
153
157
153
153
153
153
153
153
162
153
156
153
200
152
155
153
152
154
153
153
152
159
154
155
155
153
153
207
153
153
153
153
153
161
153
153
154
153
193
158
155
153
153
182
158
163
157
235
157
172
153
161
154
154
154
153
154
154
157
153
154
154
154
153
162
153
154
154
154
154
154
156
154
154
154
154
202
199
241
200
154
155
201
155
154
154
154
155
188
173
155
154
154
154
157
156
155
154
157
154
155
163
154
155
154
155
156
158
154
155
154
154
155
175
155
154
155
163
160
183
183
157
201
155
155
162
198
154
158
155
155
170
154
156
155
158
155
156
207
155
155
173
163
159
204
159
164
175
234
180
179
155
155
156
155
181
170
156
155
155
156
187
169
155
156
155
155
158
155
155
156
156
155
155
158
155
156
197
156
161
203
156
157
156
156
156
209
156
157
156
156
157
159
156
156
156
156
156
166
157
156
156
156
156
156
159
156
156
158
156
157
163
157
157
156
156
157
159
157
158
160
161
170
248
196
165
160
206
157
172
157
157
156
158
157
167
159
156
236
158
157
204
157
217
191
161
213
160
161
179
156
157
158
157
157
157
158
158
168
157
157
157
157
157
158
160
157
157
158
158
157
159
158
158
158
157
157
159
194
158
158
181
183
200
158
158
158
157
158
161
158
158
158
158
162
162
159
158
164
159
158
199
164
165
163
204
158
167
159
158
159
161
159
160
158
158
159
158
159
205
174
160
160
158
159
189
186
159
159
164
159
160
159
164
159
159
198
195
233
159
176
163
164
207
163
163
173
159
204
159
161
159
159
159
186
177
208
158
159
160
162
160
159
159
160
159
160
159
159
159
159
159
162
159
159
159
159
181
177
194
160
192
179
160
207
159
160
160
160
160
206
160
160
163
160
160
208
160
160
160
161
160
216
166
161
169
170
197
179
160
160
159
160
160
214
160
161
161
162
209
161
160
160
160
164
187
178
166
160
160
160
162
160
160
160
166
160
227
254
161
178
164
187
180
165
164
175
161
172
161
161
161
161
161
188
180
161
160
161
161
162
160
160
160
161
160
162
162
161
160
161
161
161
163
161
182
178
161
164
213
161
161
161
162
192
182
162
161
162
162
164
164
161
161
162
164
171
162
161
162
162
162
190
184
164
176
162
187
193
162
162
162
162
162
200
162
162
164
163
163
206
162
163
162
162
162
171
163
162
162
162
162
164
162
162
162
162
163
245
163
163
182
166
170
202
166
179
163
163
209
162
162
163
163
163
209
163
163
182
167
167
168
167
173
177
163
162
165
163
162
163
163
163
185
178
164
164
215
171
164
164
163
164
163
167
163
164
164
163
166
167
164
164
166
164
164
179
163
164
164
166
164
174
168
164
193
181
163
210
164
164
164
163
164
166
165
165
165
167
165
220
163
164
164
167
164
166
171
164
164
164
169
169
164
181
164
164
206
240
164
182
170
168
218
167
168
179
165
173
165
164
165
164
164
192
183
165
165
165
165
166
164
164
164
165
165
166
164
164
165
165
201
203
164
193
184
165
170
211
165
165
165
164
194
182
165
165
165
165
169
166
170
165
166
165
173
166
165
165
165
166
169
165
166
166
166
165
224
183
165
165
166
168
166
165
167
167
166
195
184
166
166
166
165
178
166
166
166
166
166
171
166
165
166
166
166
168
165
242
244
166
196
190
166
166
166
166
203
166
166
167
166
166
213
166
166
167
166
168
166
166
166
166
166
168
166
165
207
166
167
220
166
167
166
166
167
219
167
166
167
167
170
167
167
166
167
166
175
167
167
167
167
167
170
167
167
167
167
167
173
167
167
167
175
168
171
168
211
166
167
167
170
167
167
168
169
167
172
168
174
168
168
176
167
180
168
167
179
169
168
167
179
168
168
185
168
167
168
246
219
168
168
168
168
167
212
168
168
168
168
168
214
168
168
168
168
170
168
168
167
168
168
169
212
168
168
215
168
220
168
168
168
168
196
187
169
168
169
169
171
168
169
168
169
169
176
169
168
168
169
169
174
168
169
168
169
175
169
169
170
169
168
172
169
169
168
169
214
172
170
169
169
169
170
211
170
170
169
170
180
169
169
170
170
169
174
169
169
170
169
169
171
170
172
169
169
169
175
248
169
189
173
208
230
174
187
170
237
185
170
169
169
170
210
170
170
169
207
218
194
206
171
170
175
170
170
171
170
171
179
171
171
179
173
176
219
170
170
170
170
173
207
171
170
170
170
172
170
170
171
170
170
178
170
170
171
171
170
182
170
170
171
172
170
173
170
171
171
171
173
171
170
199
188
171
220
176
171
172
178
198
192
171
171
220
231
186
171
171
171
171
177
171
171
170
171
171
220
254
172
171
171
218
172
171
171
171
197
190
171
217
171
195
203
171
172
173
172
215
172
172
172
173
172
217
172
174
173
195
205
173
172
172
173
172
182
173
176
173
210
174
172
172
172
172
173
173
173
172
172
171
172
182
172
172
172
172
173
172
172
171
172
172
174
173
172
173
173
172
174
172
173
173
173
172
174
173
173
173
172
172
174
172
172
172
174
174
172
174
173
173
172
175
173
173
212
174
174
209
173
173
190
177
207
196
178
187
198
263
174
173
173
174
177
176
175
175
176
179
181
174
178
173
180
180
218
184
221
207
173
180
174
174
174
174
182
175
175
212
173
174
176
174
173
174
174
178
174
174
174
174
174
183
174
174
174
174
173
176
174
174
174
174
181
176
175
174
174
175
175
174
174
174
174
174
176
174
175
174
175
174
175
175
208
174
174
176
175
175
175
175
175
176
175
175
175
198
214
261
175
275
203
224
180
180
194
176
179
175
181
176
175
175
225
177
182
210
198
287
184
204
205
226
175
176
176
175
176
258
175
179
176
215
178
175
175
175
175
180
175
177
176
175
175
185
175
175
176
175
177
175
175
175
175
175
177
176
176
175
176
176
189
176
175
176
175
178
176
176
176
176
176
177
176
177
177
176
176
177
176
176
176
176
178
176
177
217
176
176
206
254
184
177
176
182
177
178
177
214
224
179
177
196
182
215
199
189
200
178
223
176
177
177
177
179
224
216
178
179
178
230
190
177
178
187
183
177
177
182
216
216
177
177
177
177
177
179
178
177
177
178
188
178
178
177
177
177
181
177
177
177
177
178
179
177
177
178
177
179
177
178
178
177
177
180
178
178
178
177
179
177
178
178
178
178
180
214
178
177
237
190
180
178
179
179
178
182
179
178
179
182
183
179
182
179
178
179
